#Datos_Modelo ARIMA COES 
diff  = (1-L)*(1-L^12)
theta = (1-0.213503*L-0.210997*L^2)*(1-0.903785*L^12)
phi = 1
sigma2 = 0.011956^2   # soporta operaciones apesar que es un numero

#Objetivos 
C = [     
     1 1 1 1 1 1 1 0 0 0 0 0 0 0 0 0 0 0 0 0 0 0 0 0 0 0 0 0 0 0 0
     0 0 0 0 0 0 0 1 1 1 1 1 1 1 1 1 1 1 1 0 0 0 0 0 0 0 0 0 0 0 0
     0 0 0 0 0 0 0 0 0 0 0 0 0 0 0 0 0 0 0 1 1 1 1 1 1 1 1 1 1 1 1 ]

# Y soporta operaciones dentro y esta al nivel de datos col(1) de seriesf   
Y = [         
	  12*log(42803.322445*1.0294/12) - 41.01134993     #  2020 - ene:may2020
      12*log(42803.322445*1.0294*1.0061/12)            #  2021
      12*log(42803.322445*1.0294*1.0061*1.0367/12)  ]  #  2022 

#Datos a ajustar  real = col(1)+col(2)
seriesf = [
8.154973727	-0.211095349    
8.18563597	-0.159745649
8.19698976	-0.12380086
8.175109724	-0.098639507
8.21674547	-0.08102656
8.200111952	-0.068697497
8.239076948	-0.060067154
8.245286019	-0.054025913
8.163437287	-0.049797044
8.264075613	-0.046836836
8.215200754	-0.044764691
8.238000251	-0.043314189
8.201742524	-0.042298838
8.22444664	-0.041588091
8.235800429	-0.041090569
8.213920393	-0.040742304
8.25555614	-0.040498518
8.238922621	-0.040327868
8.277887617	-0.040208413
8.284096689	-0.040124794
8.202247957	-0.040066261
8.302886282	-0.040025288
8.254011423	-0.039996607
8.276810921	-0.03997653
8.240553194	-0.039962476
8.26325731	-0.039952639
8.274611099	-0.039945752
8.252731063	-0.039940932
8.294366809	-0.039937558
8.277733291	-0.039935196
8.316698287	-0.039933542]